5945546
9310606
5443065
5624984
3664681
9625097
10548512
3655223
7605315
9261409
9525745
5945546
9310606
9598784
5821325
2296333
5443065
7930732
7930574
3655223
9525745
1858757
3981553
2255032
3705398
7930732
1252910
1341872
7778823
9340497
1858757
17655984
4448245
7719733
4448245
7719720
7922147
7975151
9223941
15586451
9906474
12425498
1804825
7719720
15586369
12615085
15663625
7974277
3769823
3989191
665985
16013411
7384195
17450568
14898341
15663625
15168778
7974277
5192298
3769823
5158109
665985
1829595
4794412
5314419
7252780
9899737
1829595
4794412
5314419
10218339
1442758
1424649
7086069
2731749
4281431
8906287
821292
2492803
829944
10097115
4305613
1019465
5123433
15996020
5443065
10097110
821292
666068
666065
2492803
829944
4934073
5123433
2296333
4243666
5443065
1858757
7631682
3981553
2255032
4879021
1740735
4243666
3705398
8246776
5655579
1871599
6981302
1858757
3898952
2453606
4295048
9527539
16153662
9400123
9527484
4456333
4456379
9316745
6981302
13388739
9527539
15731517
4375819
9400123
4841145
9316742
9316569
4375819
2200585
686771
7947880
4671460
5431678
4705541
7097018
820240
8149161
2189823
9316742
9316569
8049962
7715348
2686149
2518291
4671460
4237697
2325046
9917983
4765374
9647492
7975151
9223941
15586451
9906474
2518291
9598966
2417003
2124180
9906515
9598670
14907042
8160819
9179654
5731587
4607037
9939846
7085300
7085257
7276769
10065296
4111052
8106402
9939846
5669645
1424649
9300042
8135549
7453872
7110476
9127081
15686785
666065
4934073
4365351
1443151
1443163
10989287
8974129
5541230
16946262
11795357
7631682
10634195
2219539
10634315
5655579
2743938
12332189
9844029
1443151
8974129
9527539
2219539
2743938
9400123
8011196
9940319
8244720
9823061
2525647
4841145
9316745
9316606
13388739
9527539
4375819
9400123
669179
10164821
8328217
7191030
4375819
2200585
686771
10496962
669179
8155312
4671460
9639299
10496930
3685739
2686149
10496962
4671460
10496930
9571044
719256
5431678
9994637
4705541
5594473
4602463
9844073
4173810
4602472
4186220
1202396
7234986
4187241
9896082
7373535
7824610
5216737
15177473
4237634
4237652
4237667
6962089
2120315
2417003
1202396
661468
7974316
661472
1859809
5840596
12824876
2120315
10447169
9599034
2040149
7974316
1859809
2040149
3589694
9948143
3999107
9948165
3679896
10563307
9948134
4277158
1591079
10567902
10065456
7644165
8361728
9981443
10498438
15655225
12639043
4052913
4043578
4052894
11534094
2273226
14916127
15339896
15339915
1467745
9451183
6029548
9435280
15617662
15339869
5064553
2273178
9282756
8011196
6029548
9435280
15339869
7246210
8011196
9296393
9823061
5107911
5108280
9296381
4287829
7246595
9296359
9404454
10836916
10855478
9786589
9903057
9368058
2219380
10496962
5019516
4747609
4950097
9229339
669179
4946243
9324134
5642098
9786589
1967115
1967133
4946233
7555574
10496962
5019516
7797023
4756297
5677330
9571044
616310
1528851
7015128
1110482
674445
2230800
847702
695541
1341399
1967115
638378
616310
1528851
674757
661925
7015128
1110482
7824610
5216737
7109785
3984793
4487080
4065389
3875673
1568696
5467272
5184907
5184935
8471246
3872468
3984793
9287872
7699497
9915375
2726104
2040149
7042772
4407608
3999107
8015813
3992347
3992303
4953439
5595648
4953461
4996030
12815575
10165452
14745343
15655225
4830910
4043578
4830794
5099936
12815575
10818767
13322586
14956559
13327836
12357998
5083642
9674356
3782999
7927700
4830910
4043578
15586355
2654564
8283439
4830813
2821633
7543490
15586355
4749595
5265019
7763548
1632870
1382851
9378444
10002675
7579966
4287829
9865945
7246595
7763548
1632870
5642098
9378444
9903057
7599020
9224487
4675140
4691673
5019516
4950097
9229339
7624109
5642098
5618465
4747644
1967115
1967133
7194275
9224487
4946233
5019516
5298710
7624109
5440800
10148891
1528851
674445
619928
847702
1341399
1821989
8504564
10319567
1967115
7155603
638378
1528851
661925
674445
695605
662274
8441614
1176830
10342344
2319302
3984793
4487080
4065389
2053809
1796773
5724936
2296852
4233292
662274
1176830
3984793
8319482
9915375
9583124
4127278
7042772
4407608
9494677
1405498
9908038
4042083
7175185
4035620
4530219
14583423
4762184
1217574
4035578
14610596
17577002
4830910
4140830
9603283
5099936
5346874
11814700
9650715
13322586
4035564
12999071
5083642
3782999
4830910
2654564
8283439
4830813
9612429
9612404
9603283
11814700
9395202
9612402
9612404
7763548
1632870
2721281
2377919
9378444
10105451
10003097
7763548
1632870
2721281
9378444
9413423
9175079
1632897
7598926
9384545
7928549
9640057
9224487
3875909
4551569
7624109
5020846
5020154
7598926
9413273
10479751
1732601
1732621
4722309
9640057
2366815
4000469
7360610
5021049
5652251
7624109
2239411
4722309
4090814
2366815
8466759
5238480
8504564
5021004
5136448
4562995
2319302
2440712
8466759
8504564
10128189
2161836
7403816
10178310
4901982
7594691
4294903
15153913
2161836
10178310
4901982
2026141
7594691
3909770
1648431
7281284
4946254
4015534
7337934
3919537
3919524
10310061
7373419
2230804
10267210
2297740
7175185
4042083
2580210
4530219
4079916
5111846
7326870
14914762
9395786
4035578
10114871
10114875
7326870
10114858
5526450
5346874
11814700
9650715
4035564
12141142
10782403
3879130
10830651
10533194
11814700
9331483
10589525
10589516
7118392
12141126
9395202
9612402
4587930
10830651
7772269
7666755
9612396
9395200
15606153
5008945
1842753
9884565
7772269
4747691
9413423
9175079
7666755
10399015
10585013
10584982
9848086
9640057
1842753
7473153
8258011
13383415
9884565
10279743
10399015
9413273
9640057
2366815
7424904
5021004
5136471
5136466
9735436
4034654
7706686
3908145
10310073
2366815
5021004
7424904
5136471
5136466
9735436
7848766
3992641
7621974
2161836
10258420
3909799
7289775
7281284
10527336
10758087
5525688
6875169
8496896
2161836
10258420
7526050
7457586
1648431
4301920
7281284
8327384
8327390
9133530
2130368
16093382
9511186
9764137
7814080
7814107
7904726
5011726
7813707
5742772
10114888
5111859
8327766
7326870
11907799
10114888
10114843
10114875
7326870
16034030
16034048
14342131
10114883
13687251
13476894
10114843
7532417
12787194
14342131
10069759
3879109
16483735
17554161
7478190
7479001
7478290
3879150
7532417
10291241
9809923
7797960
6727887
14773710
8277299
7478190
3903849
7479001
7137679
5883643
4392264
10691757
7477988
10584982
9848086
8996699
9980652
3903849
7473153
4665578
9249582
5883643
10449282
9883305
7424904
2366843
10449282
4034654
7575004
7575089
7913338
10776871
3712876
3908145
4305459
5436506
5430731
1488334
7424904
1966945
7220365
7848766
1966969
2401513
7220365
7904513
10556744
9133530
2401513
10758087
9949693
2401543
1216650
8496851
1924991
1818143
2804365
2804369
8327384
7536596
8327390
9133530
7338811
8496851
9764137
3993020
8327588
1924991
1818143
2804365
2804369
8151857
4588232
2804351
10114888
9434765
9910809
9910818
9910821
3984191
12028581
11679277
14738642
10347933
9612662
10727357
15163719
5025814
7841828
10114888
11168080
11167554
3984191
16034030
15163719
7496470
7739083
4066361
10114837
13861598
11167554
7532417
7845817
10591889
3984245
7115546
4805817
7479001
2642634
8074357
4066361
4863490
9102671
10591889
3984245
7115546
7185872
5684284
9132894
5719794
3903849
7479001
5191155
7733572
5684284
3903849
7733572
5279973
8234243
7733593
5883643
2437246
10035725
10020699
10279257
4837508
3712876
12179577
14859630
15626655
12179432
4943335
7050451
4106822
2224868
15850688
7220365
9579137
1384653
15850523
9907982
4106822
16331638
15850457
15850688
7220365
7904501
1623219
7904492
7345644
10429471
10429502
10431348
7338811
2779529
7071164
2804351
10429471
10439186
9996446
9632139
9375311
2779529
2804351
7071164
5812771
9996446
15846221
14730942
17520301
15168372
9434765
9910809
9910815
1651134
1651141
9612662
10727357
15163719
11168080
11167554
2576800
4646614
4157512
7286705
9425177
15163719
15230497
13861598
2561829
14633903
2576800
7719834
7286705
10105807
7788351
3984245
7115546
5259198
5000698
2642634
8074357
2685036
4022969
7531828
2593383
3984245
7115546
9132894
5719794
5191155
7733572
5216238
7275935
7204990
10622821
7733572
5279973
8234243
9312044
8042689
2901191
7204990
2651835
7252440
9269759
2445297
1423111
8236424
1384670
2920233
10346477
9312044
8268649
8268677
7818723
8275127
8236424
4871307
10040406
10623568
8109705
7898984
2224847
12804053
13087639
16331638
15850457
2915645
10623568
7871407
7241011
9582958
16331658
7346210
10429471
3867655
14411639
10429502
9582958
1374652
10221928
10237324
10310087
10469499
10310095
3968311
10237324
10469466
10226654
10226630
4588091
10469457
10310095
10469430
14730953
9561174
9561186
12508537
17699499
7676725
4761930
7753133
4413054
9290204
4646614
4157512
7286705
9561174
9561186
7676725
4148146
7753133
9840981
9261613
7286705
10290118
4142383
10348320
16395427
8229335
10347137
10348320
16395427
15862490
15875267
10622821
10185142
9269816
5314665
2741482
12667884
13164788
9312044
2901191
2651835
7258726
4412478
9501228
7252440
4504778
9269816
15086144
8236424
1384670
10346477
9312044
4511744
4504810
3798307
2909473
7258726
4376495
8275127
8236424
4256821
2909831
3798307
5595117
7155340
10623568
8535417
7321555
9038049
7548339
7548246
7097080
8535417
7823680
7554889
7548256
15714918
13087639
3867655
9761176
4624939
5162749
7554788
7548339
7550064
7548232
10469499
10469484
5162749
2917433
2369724
5420995
7548215
5786514
2090477
3968311
7548220
10469484
